0.000000000000000000e+00
1.900000000000000000e+01
5.200000000000000000e+01
1.120000000000000000e+02
1.530000000000000000e+02
2.480000000000000000e+02
4.120000000000000000e+02
6.910000000000000000e+02
1.051000000000000000e+03
1.391000000000000000e+03
1.725000000000000000e+03
2.138000000000000000e+03
2.366000000000000000e+03
2.633000000000000000e+03
2.905000000000000000e+03
3.149000000000000000e+03
3.360000000000000000e+03
3.572000000000000000e+03
3.839000000000000000e+03
4.075000000000000000e+03
4.235000000000000000e+03
4.351000000000000000e+03
4.754000000000000000e+03
5.197000000000000000e+03
5.633000000000000000e+03
6.020000000000000000e+03
6.243000000000000000e+03
6.466000000000000000e+03
6.852000000000000000e+03
7.076000000000000000e+03
7.285000000000000000e+03
7.518000000000000000e+03
7.733000000000000000e+03
7.960000000000000000e+03
8.188000000000000000e+03
8.418000000000000000e+03
8.645000000000000000e+03
8.856000000000000000e+03
9.083000000000000000e+03
9.288000000000000000e+03
9.506000000000000000e+03
9.884000000000000000e+03
9.982000000000000000e+03
1.015500000000000000e+04
1.038800000000000000e+04
1.046800000000000000e+04
1.074400000000000000e+04
1.104500000000000000e+04
1.135500000000000000e+04
1.167400000000000000e+04
1.199800000000000000e+04
1.232200000000000000e+04
1.264400000000000000e+04
1.296300000000000000e+04
1.328500000000000000e+04
1.359600000000000000e+04
1.389500000000000000e+04
1.417500000000000000e+04
1.445400000000000000e+04
1.471300000000000000e+04
1.492500000000000000e+04
1.514200000000000000e+04
1.524600000000000000e+04
1.543500000000000000e+04
1.562500000000000000e+04
1.580400000000000000e+04
1.600700000000000000e+04
1.613700000000000000e+04
1.625700000000000000e+04
1.633500000000000000e+04
1.655600000000000000e+04
1.679200000000000000e+04
1.702800000000000000e+04
1.726300000000000000e+04
1.750100000000000000e+04
1.773700000000000000e+04
1.797200000000000000e+04
1.820700000000000000e+04
1.844500000000000000e+04
1.868300000000000000e+04
1.891800000000000000e+04
1.915000000000000000e+04
1.938300000000000000e+04
1.961400000000000000e+04
1.984600000000000000e+04
2.008300000000000000e+04
2.032600000000000000e+04
2.056900000000000000e+04
2.081000000000000000e+04
2.104700000000000000e+04
2.128400000000000000e+04
2.151200000000000000e+04
2.173300000000000000e+04
2.194900000000000000e+04
2.216900000000000000e+04
2.238400000000000000e+04
2.257800000000000000e+04
2.278400000000000000e+04
2.296400000000000000e+04
2.315100000000000000e+04
2.344200000000000000e+04
2.354500000000000000e+04
2.371300000000000000e+04
2.388600000000000000e+04
2.413400000000000000e+04
2.421800000000000000e+04
2.427300000000000000e+04
2.450200000000000000e+04
2.474700000000000000e+04
2.499600000000000000e+04
2.524800000000000000e+04
2.550200000000000000e+04
2.575500000000000000e+04
2.600700000000000000e+04
2.626200000000000000e+04
2.652200000000000000e+04
2.677900000000000000e+04
2.703000000000000000e+04
2.727100000000000000e+04
2.751200000000000000e+04
2.773700000000000000e+04
2.794800000000000000e+04
2.812000000000000000e+04
2.821800000000000000e+04
2.840400000000000000e+04
2.856700000000000000e+04
2.873400000000000000e+04
2.888800000000000000e+04
2.904100000000000000e+04
2.921900000000000000e+04
2.939200000000000000e+04
2.957700000000000000e+04
2.975600000000000000e+04
2.991600000000000000e+04
3.007700000000000000e+04
3.019800000000000000e+04
3.032300000000000000e+04
3.047600000000000000e+04
3.062800000000000000e+04
3.079400000000000000e+04
3.094600000000000000e+04
3.102300000000000000e+04
3.122300000000000000e+04
3.141700000000000000e+04
3.165500000000000000e+04
3.189300000000000000e+04
3.200900000000000000e+04
3.212800000000000000e+04
3.234100000000000000e+04
3.257600000000000000e+04
3.281700000000000000e+04
3.304200000000000000e+04
3.312100000000000000e+04
3.326300000000000000e+04
3.342100000000000000e+04
3.366000000000000000e+04
3.387600000000000000e+04
3.406200000000000000e+04
3.419000000000000000e+04
3.435000000000000000e+04
3.445600000000000000e+04
3.456200000000000000e+04
3.462900000000000000e+04
3.481200000000000000e+04
3.500700000000000000e+04
3.520200000000000000e+04
3.539500000000000000e+04
3.559000000000000000e+04
3.578300000000000000e+04
3.597500000000000000e+04
3.616600000000000000e+04
3.636100000000000000e+04
3.655400000000000000e+04
3.674400000000000000e+04
3.692900000000000000e+04
3.711400000000000000e+04
3.729700000000000000e+04
3.747800000000000000e+04
3.766100000000000000e+04
3.784900000000000000e+04
3.803800000000000000e+04
3.822600000000000000e+04
3.841000000000000000e+04
3.859500000000000000e+04
3.877300000000000000e+04
3.894700000000000000e+04
3.911700000000000000e+04
3.929000000000000000e+04
3.946100000000000000e+04
3.963100000000000000e+04
3.979700000000000000e+04
3.996400000000000000e+04
4.013200000000000000e+04
4.030300000000000000e+04
4.048000000000000000e+04
4.066200000000000000e+04
4.084700000000000000e+04
4.103300000000000000e+04
4.121700000000000000e+04
4.140200000000000000e+04
4.158300000000000000e+04
4.176100000000000000e+04
4.193700000000000000e+04
4.211600000000000000e+04
4.229200000000000000e+04
4.246300000000000000e+04
4.262600000000000000e+04
4.278800000000000000e+04
4.294300000000000000e+04
4.309500000000000000e+04
4.324800000000000000e+04
4.340700000000000000e+04
4.356800000000000000e+04
4.372600000000000000e+04
4.387900000000000000e+04
4.403100000000000000e+04
4.417400000000000000e+04
4.430100000000000000e+04
4.444000000000000000e+04
4.457600000000000000e+04
4.470500000000000000e+04
4.482300000000000000e+04
4.493900000000000000e+04
4.499700000000000000e+04
4.511100000000000000e+04
4.522300000000000000e+04
4.530400000000000000e+04
4.538300000000000000e+04
4.553200000000000000e+04
4.569800000000000000e+04
4.586700000000000000e+04
4.603300000000000000e+04
4.619400000000000000e+04
4.633100000000000000e+04
4.652000000000000000e+04
4.667100000000000000e+04
4.677100000000000000e+04
4.689000000000000000e+04
4.702500000000000000e+04
4.716200000000000000e+04
4.730100000000000000e+04
4.744100000000000000e+04
4.758100000000000000e+04
4.772200000000000000e+04
4.786300000000000000e+04
4.800700000000000000e+04
4.814900000000000000e+04
4.829000000000000000e+04
4.842900000000000000e+04
4.856800000000000000e+04
4.870700000000000000e+04
4.884600000000000000e+04
4.898900000000000000e+04
4.913500000000000000e+04
4.928200000000000000e+04
4.942800000000000000e+04
4.957000000000000000e+04
4.971300000000000000e+04
4.985000000000000000e+04
4.998300000000000000e+04
5.011400000000000000e+04
5.024800000000000000e+04
5.037900000000000000e+04
5.050500000000000000e+04
5.062400000000000000e+04
5.073500000000000000e+04
5.085000000000000000e+04
5.102400000000000000e+04
5.113400000000000000e+04
5.123600000000000000e+04
5.134500000000000000e+04
5.145300000000000000e+04
5.157500000000000000e+04
5.172300000000000000e+04
5.188000000000000000e+04
5.205100000000000000e+04
5.223100000000000000e+04
5.242100000000000000e+04
5.261600000000000000e+04
5.280500000000000000e+04
5.298500000000000000e+04
5.313700000000000000e+04
5.326400000000000000e+04
5.338700000000000000e+04
5.355000000000000000e+04
5.373500000000000000e+04
5.392500000000000000e+04
5.408900000000000000e+04
5.414000000000000000e+04
5.418400000000000000e+04
5.428600000000000000e+04
5.439800000000000000e+04
5.451100000000000000e+04
5.460800000000000000e+04
5.467400000000000000e+04
5.477800000000000000e+04
5.488300000000000000e+04
5.502500000000000000e+04
5.518200000000000000e+04
5.533700000000000000e+04
5.548400000000000000e+04
5.562800000000000000e+04
5.576700000000000000e+04
5.590600000000000000e+04
5.603900000000000000e+04
5.616700000000000000e+04
5.629100000000000000e+04
5.642000000000000000e+04
5.654600000000000000e+04
5.666700000000000000e+04
5.677800000000000000e+04
5.688700000000000000e+04
5.698500000000000000e+04
5.707200000000000000e+04
5.715900000000000000e+04
5.725500000000000000e+04
5.734900000000000000e+04
5.743200000000000000e+04
5.751500000000000000e+04
5.761200000000000000e+04
5.770000000000000000e+04
5.779700000000000000e+04
5.791800000000000000e+04
5.805500000000000000e+04
5.819200000000000000e+04
5.831800000000000000e+04
5.836000000000000000e+04
5.840800000000000000e+04
5.850300000000000000e+04
5.860800000000000000e+04
5.871800000000000000e+04
5.883000000000000000e+04
5.894100000000000000e+04
5.904800000000000000e+04
5.915200000000000000e+04
5.925500000000000000e+04
5.936000000000000000e+04
5.946200000000000000e+04
5.956000000000000000e+04
5.965300000000000000e+04
5.974500000000000000e+04
5.983000000000000000e+04
5.990200000000000000e+04
5.998100000000000000e+04
6.005400000000000000e+04
6.013000000000000000e+04
6.025500000000000000e+04
6.033700000000000000e+04
6.041500000000000000e+04
6.052600000000000000e+04
6.061100000000000000e+04
6.068300000000000000e+04
6.073000000000000000e+04
6.080300000000000000e+04
6.088400000000000000e+04
6.096600000000000000e+04
6.104700000000000000e+04
6.112800000000000000e+04
6.121100000000000000e+04
6.129600000000000000e+04
6.137400000000000000e+04
6.145700000000000000e+04
6.153900000000000000e+04
6.161700000000000000e+04
6.169900000000000000e+04
6.177800000000000000e+04
6.185600000000000000e+04
6.193700000000000000e+04
6.201200000000000000e+04
6.209300000000000000e+04
6.217400000000000000e+04
6.225400000000000000e+04
6.233300000000000000e+04
6.241200000000000000e+04
6.248800000000000000e+04
6.255800000000000000e+04
6.263400000000000000e+04
6.270500000000000000e+04
6.278000000000000000e+04
6.285000000000000000e+04
6.291900000000000000e+04
6.299000000000000000e+04
6.305600000000000000e+04
6.312900000000000000e+04
6.319700000000000000e+04
6.327100000000000000e+04
6.334600000000000000e+04
6.342100000000000000e+04
6.349600000000000000e+04
6.357100000000000000e+04
6.364500000000000000e+04
6.371600000000000000e+04
6.378800000000000000e+04
6.386100000000000000e+04
6.393200000000000000e+04
6.399800000000000000e+04
6.406700000000000000e+04
6.412900000000000000e+04
6.419400000000000000e+04
6.431300000000000000e+04
6.443500000000000000e+04
6.455500000000000000e+04
6.467100000000000000e+04
6.477900000000000000e+04
6.488700000000000000e+04
6.499900000000000000e+04
6.506000000000000000e+04
6.511700000000000000e+04
6.518300000000000000e+04
6.524400000000000000e+04
6.531100000000000000e+04
6.537900000000000000e+04
6.544800000000000000e+04
6.551600000000000000e+04
6.558500000000000000e+04
6.565400000000000000e+04
6.572200000000000000e+04
6.579100000000000000e+04
6.586100000000000000e+04
6.593000000000000000e+04
6.599800000000000000e+04
6.606400000000000000e+04
6.613100000000000000e+04
6.619600000000000000e+04
6.626100000000000000e+04
6.632700000000000000e+04
6.639600000000000000e+04
6.646500000000000000e+04
6.653300000000000000e+04
6.659900000000000000e+04
6.666500000000000000e+04
6.672800000000000000e+04
6.678800000000000000e+04
6.684800000000000000e+04
6.690900000000000000e+04
6.696800000000000000e+04
6.702100000000000000e+04
6.707600000000000000e+04
6.717400000000000000e+04
6.724400000000000000e+04
6.728200000000000000e+04
6.737800000000000000e+04
6.746900000000000000e+04
6.751100000000000000e+04
6.760200000000000000e+04
6.765400000000000000e+04
6.770200000000000000e+04
6.775500000000000000e+04
6.780400000000000000e+04
6.785800000000000000e+04
6.790700000000000000e+04
6.796000000000000000e+04
6.801300000000000000e+04
6.806200000000000000e+04
6.811500000000000000e+04
6.816300000000000000e+04
6.821400000000000000e+04
6.829900000000000000e+04
6.833700000000000000e+04
6.839200000000000000e+04
6.846900000000000000e+04
6.855800000000000000e+04
6.859400000000000000e+04
6.863700000000000000e+04
6.871100000000000000e+04
6.876200000000000000e+04
6.881900000000000000e+04
6.887900000000000000e+04
6.894100000000000000e+04
6.900400000000000000e+04
6.906700000000000000e+04
6.913000000000000000e+04
6.919000000000000000e+04
6.924700000000000000e+04
6.929600000000000000e+04
6.931400000000000000e+04
6.935200000000000000e+04
6.939100000000000000e+04
6.940900000000000000e+04
6.945800000000000000e+04
6.951300000000000000e+04
6.956900000000000000e+04
6.962700000000000000e+04
6.968600000000000000e+04
6.974400000000000000e+04
6.980200000000000000e+04
6.986000000000000000e+04
6.992000000000000000e+04
6.997800000000000000e+04
7.003500000000000000e+04
7.009000000000000000e+04
7.014500000000000000e+04
7.020000000000000000e+04
7.025400000000000000e+04
7.031000000000000000e+04
7.036800000000000000e+04
7.042700000000000000e+04
7.048600000000000000e+04
7.054300000000000000e+04
7.060100000000000000e+04
7.065600000000000000e+04
7.070900000000000000e+04
7.076100000000000000e+04
7.081500000000000000e+04
7.086800000000000000e+04
7.091900000000000000e+04
7.096500000000000000e+04
7.101100000000000000e+04
7.105400000000000000e+04
7.112300000000000000e+04
7.115300000000000000e+04
7.118600000000000000e+04
7.120200000000000000e+04
7.124400000000000000e+04
7.128800000000000000e+04
7.132700000000000000e+04
7.136600000000000000e+04
7.139200000000000000e+04
7.141500000000000000e+04
7.146300000000000000e+04
7.151500000000000000e+04
7.156700000000000000e+04
7.161700000000000000e+04
7.166700000000000000e+04
7.171300000000000000e+04
7.175100000000000000e+04
7.179000000000000000e+04
7.184500000000000000e+04
7.187300000000000000e+04
7.191200000000000000e+04
7.193600000000000000e+04
7.197200000000000000e+04
7.201100000000000000e+04
7.205000000000000000e+04
7.208900000000000000e+04
7.212800000000000000e+04
7.216700000000000000e+04
7.220600000000000000e+04
7.224400000000000000e+04
7.228300000000000000e+04
7.232200000000000000e+04
7.235900000000000000e+04
7.239700000000000000e+04
7.243400000000000000e+04
7.247000000000000000e+04
7.250800000000000000e+04
7.254200000000000000e+04
7.257900000000000000e+04
7.261700000000000000e+04
7.265400000000000000e+04
7.269100000000000000e+04
7.272700000000000000e+04
7.276200000000000000e+04
7.279300000000000000e+04
7.282700000000000000e+04
7.285900000000000000e+04
7.289300000000000000e+04
7.292200000000000000e+04
7.295300000000000000e+04
7.300800000000000000e+04
7.304700000000000000e+04
7.307000000000000000e+04
7.311200000000000000e+04
7.315600000000000000e+04
7.317400000000000000e+04
7.318700000000000000e+04
7.323300000000000000e+04
7.326300000000000000e+04
7.328900000000000000e+04
7.330600000000000000e+04
7.335400000000000000e+04
7.340300000000000000e+04
7.345200000000000000e+04
7.349900000000000000e+04
7.354700000000000000e+04
7.359300000000000000e+04
7.363800000000000000e+04
7.368200000000000000e+04
7.372800000000000000e+04
7.377400000000000000e+04
7.381800000000000000e+04
7.385900000000000000e+04
7.390000000000000000e+04
7.393900000000000000e+04
7.397700000000000000e+04
7.401700000000000000e+04
7.405900000000000000e+04
7.410100000000000000e+04
7.414300000000000000e+04
7.418400000000000000e+04
7.422500000000000000e+04
7.426300000000000000e+04
7.429900000000000000e+04
7.433300000000000000e+04
7.436800000000000000e+04
7.440200000000000000e+04
7.443500000000000000e+04
7.446600000000000000e+04
7.449700000000000000e+04
7.452900000000000000e+04
7.456200000000000000e+04
7.459800000000000000e+04
7.463500000000000000e+04
7.467400000000000000e+04
7.471300000000000000e+04
7.475200000000000000e+04
7.479100000000000000e+04
7.482900000000000000e+04
7.486600000000000000e+04
7.490300000000000000e+04
7.494100000000000000e+04
7.497900000000000000e+04
7.501500000000000000e+04
7.504900000000000000e+04
7.508300000000000000e+04
7.511300000000000000e+04
7.513700000000000000e+04
7.516100000000000000e+04
7.517300000000000000e+04
7.520100000000000000e+04
7.522900000000000000e+04
7.524100000000000000e+04
7.526500000000000000e+04
7.529200000000000000e+04
7.531900000000000000e+04
7.534700000000000000e+04
7.537500000000000000e+04
7.540300000000000000e+04
7.543000000000000000e+04
7.545200000000000000e+04
7.546600000000000000e+04
7.548300000000000000e+04
7.551300000000000000e+04
7.554600000000000000e+04
7.555900000000000000e+04
7.557900000000000000e+04
7.560100000000000000e+04
7.562700000000000000e+04
7.565400000000000000e+04
7.567700000000000000e+04
7.569400000000000000e+04
7.571200000000000000e+04
7.573000000000000000e+04
7.574300000000000000e+04
7.575500000000000000e+04
7.576300000000000000e+04
7.578700000000000000e+04
7.581200000000000000e+04
7.583800000000000000e+04
7.586300000000000000e+04
7.588900000000000000e+04
7.591400000000000000e+04
7.593900000000000000e+04
7.596300000000000000e+04
7.598800000000000000e+04
7.601300000000000000e+04
7.603700000000000000e+04
7.606000000000000000e+04
7.608300000000000000e+04
7.610500000000000000e+04
7.612700000000000000e+04
7.615100000000000000e+04
7.617600000000000000e+04
7.620100000000000000e+04
7.622600000000000000e+04
7.624900000000000000e+04
7.627300000000000000e+04
7.629500000000000000e+04
7.631600000000000000e+04
7.633700000000000000e+04
7.635900000000000000e+04
7.638000000000000000e+04
7.640000000000000000e+04
7.641800000000000000e+04
7.643600000000000000e+04
7.645200000000000000e+04
7.647300000000000000e+04
7.648400000000000000e+04
7.650200000000000000e+04
7.652100000000000000e+04
7.654500000000000000e+04
7.656800000000000000e+04
7.658200000000000000e+04
7.659500000000000000e+04
7.661000000000000000e+04
7.662600000000000000e+04
7.664000000000000000e+04
7.665400000000000000e+04
7.666700000000000000e+04
7.667800000000000000e+04
7.669400000000000000e+04
7.671200000000000000e+04
7.673000000000000000e+04
7.674600000000000000e+04
7.675400000000000000e+04
7.677800000000000000e+04
7.680100000000000000e+04
7.680800000000000000e+04
7.682000000000000000e+04
7.683300000000000000e+04
7.685100000000000000e+04
7.687000000000000000e+04
7.689000000000000000e+04
7.690900000000000000e+04
7.692800000000000000e+04
7.694700000000000000e+04
7.696600000000000000e+04
7.698400000000000000e+04
7.700100000000000000e+04
7.701800000000000000e+04
7.703700000000000000e+04
7.705600000000000000e+04
7.707400000000000000e+04
7.709100000000000000e+04
7.710800000000000000e+04
7.712300000000000000e+04
7.713800000000000000e+04
7.715400000000000000e+04
7.717200000000000000e+04
7.719200000000000000e+04
7.721200000000000000e+04
7.723200000000000000e+04
7.725200000000000000e+04
7.727100000000000000e+04
7.729000000000000000e+04
7.730800000000000000e+04
7.732800000000000000e+04
7.734700000000000000e+04
7.736600000000000000e+04
7.738200000000000000e+04
7.739000000000000000e+04
7.740900000000000000e+04
7.742800000000000000e+04
7.743900000000000000e+04
7.746400000000000000e+04
7.749300000000000000e+04
7.752300000000000000e+04
7.755000000000000000e+04
7.755800000000000000e+04
7.756600000000000000e+04
7.758200000000000000e+04
7.759700000000000000e+04
7.761400000000000000e+04
7.763200000000000000e+04
7.765000000000000000e+04
7.766800000000000000e+04
7.768600000000000000e+04
7.770300000000000000e+04
7.772200000000000000e+04
7.774100000000000000e+04
7.775900000000000000e+04
7.777800000000000000e+04
7.779600000000000000e+04
7.781500000000000000e+04
7.783500000000000000e+04
7.785300000000000000e+04
7.787300000000000000e+04
7.789400000000000000e+04
7.791500000000000000e+04
7.793700000000000000e+04
7.795900000000000000e+04
7.798000000000000000e+04
7.801600000000000000e+04
7.802600000000000000e+04
7.803400000000000000e+04
7.806300000000000000e+04
7.809300000000000000e+04
7.812400000000000000e+04
7.815100000000000000e+04
7.816800000000000000e+04
7.819900000000000000e+04
7.823000000000000000e+04
7.826800000000000000e+04
7.831000000000000000e+04
7.835200000000000000e+04
7.839000000000000000e+04
7.842600000000000000e+04
7.846300000000000000e+04
7.850500000000000000e+04
7.854700000000000000e+04
7.858800000000000000e+04
7.862300000000000000e+04
7.864900000000000000e+04
7.867900000000000000e+04
7.870900000000000000e+04
7.873700000000000000e+04
7.877800000000000000e+04
7.882100000000000000e+04
7.886200000000000000e+04
7.889800000000000000e+04
7.892900000000000000e+04
7.894700000000000000e+04
7.896900000000000000e+04
7.898300000000000000e+04
7.901900000000000000e+04
7.905800000000000000e+04
7.909700000000000000e+04
7.913700000000000000e+04
7.917800000000000000e+04
7.921900000000000000e+04
7.925900000000000000e+04
7.929900000000000000e+04
7.934200000000000000e+04
7.938600000000000000e+04
7.942900000000000000e+04
7.947000000000000000e+04
7.951100000000000000e+04
7.955100000000000000e+04
7.959100000000000000e+04
7.963500000000000000e+04
7.968400000000000000e+04
7.973500000000000000e+04
7.978700000000000000e+04
7.983800000000000000e+04
7.989100000000000000e+04
7.994000000000000000e+04
7.998800000000000000e+04
8.003400000000000000e+04
8.008500000000000000e+04
8.013700000000000000e+04
8.018800000000000000e+04
8.023100000000000000e+04
8.025600000000000000e+04
8.030100000000000000e+04
8.034800000000000000e+04
8.037400000000000000e+04
8.041500000000000000e+04
8.046000000000000000e+04
8.051800000000000000e+04
8.056600000000000000e+04
8.061400000000000000e+04
8.063400000000000000e+04
8.071300000000000000e+04
8.078700000000000000e+04
8.082600000000000000e+04
8.086100000000000000e+04
8.090500000000000000e+04
8.095400000000000000e+04
8.100400000000000000e+04
8.105300000000000000e+04
8.110000000000000000e+04
8.114900000000000000e+04
8.123500000000000000e+04
8.133200000000000000e+04
8.142500000000000000e+04
8.146300000000000000e+04
8.151400000000000000e+04
8.157900000000000000e+04
8.164000000000000000e+04
8.168000000000000000e+04
8.171200000000000000e+04
8.173300000000000000e+04
8.181000000000000000e+04
8.189000000000000000e+04
8.197300000000000000e+04
8.205400000000000000e+04
8.214000000000000000e+04
8.222400000000000000e+04
8.230700000000000000e+04
8.239300000000000000e+04
8.248900000000000000e+04
8.258500000000000000e+04
8.268000000000000000e+04
8.277000000000000000e+04
8.286400000000000000e+04
8.295000000000000000e+04
8.301400000000000000e+04
8.307900000000000000e+04
8.311800000000000000e+04
8.318800000000000000e+04
8.324400000000000000e+04
8.333500000000000000e+04
8.344500000000000000e+04
8.357000000000000000e+04
8.370600000000000000e+04
8.382700000000000000e+04
8.387900000000000000e+04
8.393800000000000000e+04
8.404900000000000000e+04
8.417000000000000000e+04
8.427800000000000000e+04
8.438600000000000000e+04
8.451500000000000000e+04
8.466600000000000000e+04
8.483600000000000000e+04
8.500500000000000000e+04
8.517600000000000000e+04
8.533800000000000000e+04
8.551200000000000000e+04
8.567500000000000000e+04
8.582900000000000000e+04
8.598000000000000000e+04
8.616000000000000000e+04
8.634900000000000000e+04
8.654300000000000000e+04
8.670300000000000000e+04
8.674800000000000000e+04
8.678900000000000000e+04
8.701100000000000000e+04
8.723200000000000000e+04
8.729400000000000000e+04
8.742400000000000000e+04
8.756200000000000000e+04
8.777200000000000000e+04
8.787600000000000000e+04
8.804800000000000000e+04
8.823700000000000000e+04
8.843300000000000000e+04
8.862500000000000000e+04
8.883400000000000000e+04
8.903400000000000000e+04
8.923400000000000000e+04
8.943400000000000000e+04
8.966300000000000000e+04
8.990100000000000000e+04
9.014200000000000000e+04
9.033900000000000000e+04
9.046400000000000000e+04
9.077000000000000000e+04
9.107400000000000000e+04
9.115500000000000000e+04
9.134300000000000000e+04
9.152700000000000000e+04
9.174900000000000000e+04
9.199500000000000000e+04
9.224900000000000000e+04
9.246300000000000000e+04
9.280800000000000000e+04
9.303600000000000000e+04
9.327600000000000000e+04
9.360100000000000000e+04
9.374100000000000000e+04
9.399000000000000000e+04
9.426900000000000000e+04
9.455900000000000000e+04
9.484000000000000000e+04
9.514600000000000000e+04
9.544500000000000000e+04
9.574000000000000000e+04
9.605700000000000000e+04
9.641600000000000000e+04
9.678600000000000000e+04
9.716600000000000000e+04
9.748200000000000000e+04
9.764100000000000000e+04
9.790000000000000000e+04
9.818700000000000000e+04
9.872200000000000000e+04
9.888300000000000000e+04
9.918000000000000000e+04
9.946500000000000000e+04
9.982800000000000000e+04
1.002190000000000000e+05
1.006290000000000000e+05
1.009770000000000000e+05
1.015210000000000000e+05
1.020200000000000000e+05
1.023450000000000000e+05
1.027740000000000000e+05
1.032390000000000000e+05
1.037350000000000000e+05
1.042890000000000000e+05
1.048720000000000000e+05
1.055070000000000000e+05
1.061080000000000000e+05
1.066890000000000000e+05
1.072690000000000000e+05
1.079760000000000000e+05
1.087080000000000000e+05
1.094540000000000000e+05
1.100490000000000000e+05
1.106380000000000000e+05
1.113000000000000000e+05
1.120060000000000000e+05
1.126570000000000000e+05
1.133050000000000000e+05
1.140610000000000000e+05
1.149850000000000000e+05
1.160610000000000000e+05
1.171500000000000000e+05
1.182760000000000000e+05
1.193670000000000000e+05
1.206580000000000000e+05
1.218990000000000000e+05
1.231810000000000000e+05
1.241070000000000000e+05
1.245530000000000000e+05
1.252500000000000000e+05
1.260350000000000000e+05
1.270520000000000000e+05
1.280010000000000000e+05
1.289660000000000000e+05
1.302950000000000000e+05
1.316270000000000000e+05
1.332310000000000000e+05
1.345790000000000000e+05
1.355360000000000000e+05
1.361340000000000000e+05
1.367940000000000000e+05
1.373010000000000000e+05
1.378530000000000000e+05
1.382500000000000000e+05
1.385030000000000000e+05
1.388840000000000000e+05
1.391710000000000000e+05
1.395000000000000000e+05
1.398440000000000000e+05
1.401570000000000000e+05
1.404350000000000000e+05
1.409510000000000000e+05
1.412750000000000000e+05
1.415180000000000000e+05
1.418290000000000000e+05
1.421820000000000000e+05
1.427500000000000000e+05
1.430160000000000000e+05
1.433710000000000000e+05
1.437200000000000000e+05
1.439630000000000000e+05
1.443390000000000000e+05
1.447970000000000000e+05
1.453140000000000000e+05
1.456580000000000000e+05
1.458870000000000000e+05
1.462590000000000000e+05
1.468650000000000000e+05
1.471220000000000000e+05
1.475180000000000000e+05
1.478870000000000000e+05
1.482550000000000000e+05
1.485400000000000000e+05
1.489100000000000000e+05
1.492500000000000000e+05
1.495190000000000000e+05
1.500500000000000000e+05
1.503280000000000000e+05
1.508100000000000000e+05
1.510510000000000000e+05
1.515710000000000000e+05
1.519020000000000000e+05
1.523870000000000000e+05
1.529020000000000000e+05
1.532510000000000000e+05
1.538280000000000000e+05
1.542820000000000000e+05
1.546470000000000000e+05
1.549280000000000000e+05
1.552740000000000000e+05
1.558640000000000000e+05
1.562330000000000000e+05
1.565970000000000000e+05
1.569910000000000000e+05
1.572600000000000000e+05
1.576880000000000000e+05
1.581170000000000000e+05
1.585750000000000000e+05
1.589410000000000000e+05
1.591970000000000000e+05
1.597880000000000000e+05
1.603600000000000000e+05
1.609970000000000000e+05
1.613900000000000000e+05
1.619950000000000000e+05
1.623820000000000000e+05
1.626750000000000000e+05
1.630910000000000000e+05
1.636810000000000000e+05
1.640820000000000000e+05
1.647500000000000000e+05
1.651350000000000000e+05
1.657690000000000000e+05
1.663860000000000000e+05
1.669610000000000000e+05
1.675360000000000000e+05
1.680700000000000000e+05
1.683870000000000000e+05
1.689210000000000000e+05
1.693180000000000000e+05
1.697480000000000000e+05
1.702410000000000000e+05
1.709020000000000000e+05
1.712780000000000000e+05
1.718550000000000000e+05
1.724970000000000000e+05
1.729610000000000000e+05
1.734400000000000000e+05
1.738950000000000000e+05
1.744650000000000000e+05
1.749520000000000000e+05
1.754370000000000000e+05
1.759440000000000000e+05
1.763980000000000000e+05
1.768660000000000000e+05
1.775790000000000000e+05
1.781050000000000000e+05
1.788770000000000000e+05
1.796240000000000000e+05
1.800250000000000000e+05
1.807000000000000000e+05
1.813870000000000000e+05
1.820810000000000000e+05
1.824560000000000000e+05
1.829210000000000000e+05
1.836720000000000000e+05
1.843910000000000000e+05
1.848050000000000000e+05
1.854890000000000000e+05
1.862100000000000000e+05
1.866070000000000000e+05
1.872060000000000000e+05
1.878280000000000000e+05
1.882440000000000000e+05
1.887350000000000000e+05
1.895650000000000000e+05
1.900890000000000000e+05
1.908710000000000000e+05
1.918770000000000000e+05
1.930380000000000000e+05
1.943110000000000000e+05
1.950480000000000000e+05
1.957620000000000000e+05
1.967550000000000000e+05
1.973790000000000000e+05
1.984620000000000000e+05
1.994130000000000000e+05
2.010310000000000000e+05
2.020340000000000000e+05
2.035950000000000000e+05
2.044830000000000000e+05
2.051700000000000000e+05
2.056770000000000000e+05
2.062040000000000000e+05
2.071920000000000000e+05
2.088620000000000000e+05
2.104350000000000000e+05
2.114390000000000000e+05
2.120250000000000000e+05
2.130160000000000000e+05
2.147780000000000000e+05
2.153080000000000000e+05
2.161780000000000000e+05
2.174400000000000000e+05
2.184980000000000000e+05
2.201370000000000000e+05
2.218990000000000000e+05
2.248290000000000000e+05
2.281530000000000000e+05
2.333750000000000000e+05
2.456130000000000000e+05
2.547190000000000000e+05
2.616980000000000000e+05
